Encoding:

Bit structure               					isolating hex code

0000 0000 0000 0000 0000 0000 0000
0000 0000 0000 0000 0000 0011 1111 0x3f source
0000 0000 0000 0000 1111 1100 0000 0xfc0 target
0000 0000 0000 1111 0000 0000 0000 0xf000 piece
0000 0000 1111 0000 0000 0000 0000 0xf0000 promote
0000 1111 0000 0000 0000 0000 0000 0xf00000 capture
0001 0000 0000 0000 0000 0000 0000 0x1000000 double
0010 0000 0000 0000 0000 0000 0000 0x2000000 en passant
0100 0000 0000 0000 0000 0000 0000 0x4000000 castle


have castle kingside, castle queenside, double push, and en passant and none as special flags

bishop relevant stuff

    58, 59, 59, 59, 59, 59, 59, 58, 
    59, 59, 59, 59, 59, 59, 59, 59, 
    59, 59, 57, 57, 57, 57, 59, 59, 
    59, 59, 57, 55, 55, 57, 59, 59, 
    59, 59, 57, 55, 55, 57, 59, 59, 
    59, 59, 57, 57, 57, 57, 59, 59, 
    59, 59, 59, 59, 59, 59, 59, 59, 
    58, 59, 59, 59, 59, 59, 59, 58